346
612
308
463
255
410
781
218
512
176
786
758
11
975
253
120
891
817
516
972
785
233
924
135
37
422
859
880
561
389
119
296
799
558
120
747
54
717
204
230
380
590
506
394
813
705
653
142
709
599
532
931
947
282
375
317
588
983
142
508
246
552
424
422
486
502
366
389
228
51
600
116
753
831
269
984
88
332
718
837
758
193
230
368
554
890
878
597
464
499
507
384
402
804
480
398
18
47
781
505
138
708
82
625
637
111
897
194
349
259
474
4
717
3
748
955
598
519
797
252
741
601
962
39
238
941
900
132
896
257
38
85
974
668
19
741
112
730
118
195
703
599
725
160
278
384
885
671
270
503
309
753
607
829
129
524
776
211
864
137
197
673
255
874
676
195
28
830
884
683
204
766
497
972
890
231
721
380
375
129
849
896
486
777
732
735
190
705
179
552
434
132
289
588
532
629
335
759
933
968
537
693
314
547
503
231
638
855
69
435
868
176
823
343
901
973
528
766
383
4
280
499
693
214
74
655
745
742
49
169
92
127
308
43
745
209
638
162
961
203
62
955
585
165
564
673
70
60
565
667
626
385
220
582
508
547
85
155
953
20
489
244
923
267
640
438
531
657
164
752
956
386
578
601
240
987
184
968
287
786
977
253
473
522
767
598
166
6
21
424
638
544
471
515
914
138
142
284
821
849
220
204
147
679
298
484
196
392
549
232
118
47
298
510
860
29
949
807
177
790
706
692
996
171
34
869
493
941
896
141
217
654
421
97
69
150
798
963
699
103
494
753
916
41
935
419
269
74
974
732
456
502
615
496
40
750
341
958
399
405
402
702
5
945
252
771
146
779
904
502
573
866
606
772
537
825
939
464
783
805
639
678
711
940
118
484
71
154
976
259
326
201
172
662
300
74
720
610
902
324
798
987
743
935
665
103
416
16
215
584
890
436
971
282
447
936
984
479
91
345
203
101
279
75
549
9
4
250
248
437
27
762
551
17
404
222
979
602
346
929
716
901
651
731
95
767
202
881
893
223
211
469
112
642
674
187
227
907
445
856
543
293
345
77
167
731
723
563
366
833
90
334
870
873
871
362
517
385
554
607
766
550
608
239
594
153
998
404
569
719
634
741
976
585
249
503
289
254
837
44
