3
4
4
4
5
6
9
11
16
17
18
19
20
21
27
28
29
34
37
38
39
40
41
43
44
47
47
49
51
54
60
62
69
69
70
71
74
74
74
75
77
82
85
85
88
90
91
92
95
97
101
103
103
111
112
112
116
118
118
118
119
120
120
127
129
129
132
132
135
137
138
138
141
142
142
142
146
147
150
153
154
155
160
162
164
165
166
167
169
171
172
176
176
177
179
184
187
190
193
194
195
195
196
197
201
202
203
203
204
204
204
209
211
211
214
215
217
218
220
220
222
223
227
228
230
230
231
231
232
233
238
239
240
244
246
248
249
250
252
252
253
253
254
255
255
257
259
259
267
269
269
270
278
279
280
282
282
284
287
289
289
293
296
298
298
300
308
308
309
314
317
324
326
332
334
335
341
343
345
345
346
346
349
362
366
366
368
375
375
380
380
383
384
384
385
385
386
389
389
392
394
398
399
402
402
404
404
405
410
416
419
421
422
422
424
424
434
435
436
437
438
445
447
456
463
464
464
469
471
473
474
479
480
484
484
486
486
489
493
494
496
497
499
499
502
502
502
503
503
503
505
506
507
508
508
510
512
515
516
517
519
522
524
528
531
532
532
537
537
543
544
547
547
549
549
550
551
552
552
554
554
558
561
563
564
565
569
573
578
582
584
585
585
588
588
590
594
597
598
598
599
599
600
601
601
602
606
607
607
608
610
612
615
625
626
629
634
637
638
638
638
639
640
642
651
653
654
655
657
662
665
667
668
671
673
673
674
676
678
679
683
692
693
693
699
702
703
705
705
706
708
709
711
716
717
717
718
719
720
721
723
725
730
731
731
732
732
735
741
741
741
742
743
745
745
747
748
750
752
753
753
753
758
758
759
762
766
766
766
767
767
771
772
776
777
779
781
781
783
785
786
786
790
797
798
798
799
804
805
807
813
817
821
823
825
829
830
831
833
837
837
849
849
855
856
859
860
864
866
868
869
870
871
873
874
878
880
881
884
885
890
890
890
891
893
896
896
896
897
900
901
901
902
904
907
914
916
923
924
929
931
933
935
935
936
939
940
941
941
945
947
949
953
955
955
956
958
961
962
963
968
968
971
972
972
973
974
974
975
976
976
977
979
983
984
984
987
987
996
998
